16
61	73
79	100
91	96
36	86
0	25
53	33
64	38
52	73
100	19
99	37
34	0
64	47
60	48
52	48
26	44
76	69
0.00000	32.44996	37.80212	28.17801	77.62087	40.79216	35.12834	9.00000	66.61081	52.34501	77.83315	26.17250	25.01999	26.57066	45.45327	15.52417
32.44996	0.00000	12.64911	45.22168	108.93117	71.86793	63.78871	38.18377	83.67795	66.09841	109.65856	55.08176	55.36244	58.59181	77.10383	31.14482
37.80212	12.64911	0.00000	55.90170	115.42097	73.57309	63.97656	45.27693	77.52419	59.53990	111.64676	55.94640	57.14018	61.84658	83.24062	30.88689
28.17801	45.22168	55.90170	0.00000	70.83078	55.65968	55.56978	20.61553	92.65528	79.81228	86.02325	48.01042	44.94441	41.23106	43.17407	43.46263
77.62087	108.93117	115.42097	70.83078	0.00000	53.60037	65.30697	70.76722	100.17984	99.72462	42.20190	67.67570	64.25730	56.85948	32.20248	87.81799
40.79216	71.86793	73.57309	55.65968	53.60037	0.00000	12.08305	40.01250	49.04080	46.17359	38.07887	17.80449	16.55295	15.03330	29.15476	42.72002
35.12834	63.78871	63.97656	55.56978	65.30697	12.08305	0.00000	37.00000	40.70626	35.01428	48.41487	9.00000	10.77033	15.62050	38.47077	33.24154
9.00000	38.18377	45.27693	20.61553	70.76722	40.01250	37.00000	0.00000	72.24957	59.20304	75.18643	28.63564	26.24881	25.00000	38.94868	24.33105
66.61081	83.67795	77.52419	92.65528	100.17984	49.04080	40.70626	72.24957	0.00000	18.02776	68.68042	45.60702	49.40648	56.08030	78.10890	55.46170
52.34501	66.09841	59.53990	79.81228	99.72462	46.17359	35.01428	59.20304	18.02776	0.00000	74.79305	36.40055	40.52160	48.27007	73.33485	39.40812
77.83315	109.65856	111.64676	86.02325	42.20190	38.07887	48.41487	75.18643	68.68042	74.79305	0.00000	55.75841	54.58938	51.26402	44.72136	80.77747
26.17250	55.08176	55.94640	48.01042	67.67570	17.80449	9.00000	28.63564	45.60702	36.40055	55.75841	0.00000	4.12311	12.04159	38.11824	25.05993
25.01999	55.36244	57.14018	44.94441	64.25730	16.55295	10.77033	26.24881	49.40648	40.52160	54.58938	4.12311	0.00000	8.00000	34.23449	26.40076
26.57066	58.59181	61.84658	41.23106	56.85948	15.03330	15.62050	25.00000	56.08030	48.27007	51.26402	12.04159	8.00000	0.00000	26.30589	31.89044
45.45327	77.10383	83.24062	43.17407	32.20248	29.15476	38.47077	38.94868	78.10890	73.33485	44.72136	38.11824	34.23449	26.30589	0.00000	55.90170
15.52417	31.14482	30.88689	43.46263	87.81799	42.72002	33.24154	24.33105	55.46170	39.40812	80.77747	25.05993	26.40076	31.89044	55.90170	0.00000
1
8
4
2
3
16
10
9
11
5
15
6
7
12
13
14
407.82547